454794
454798
454799
454802
454808
454809
454810
454811
454935
454936
454937
454944
454945
454946
454947
454948 
455049
455051
455052
455053
455056
455060
455062
455063 
455064
455065
455066
455071
455073
455074
455077
455078
455080
455081
455082
455083
455201
455202
455203
455206
455207
455209
455211
455212
455213	
455220
455221
455222
455223
455224
455302
455304
455306
455342
455344
455352		
455355		
455362
455366
455367
455447
455449
455450
455451
455452
455476
455477
455478
455545
455547
455550
455551
455552
455585
455586
455587
455589
455590
455592
455604
455605
455637
455638
455639
