454664  00
454664  01
454664  02
454664  03
454664  04
454664  05
454664  06
454664  07
454664  08
454664  09
454664  10
454664  11
454664  12
454664  13
454664  14
454665  00
454665  01
454665  02
454665  03
454665  04
454665  05
454665  06
454665  07
454665  08
454777  00
454777  01
454777  02
454777  03
454777  04
454777  05
454777  06
454777  07
454777  08
454778  00
454778  01
454778  02
454778  03
454778  04
454778  05
454778  06
454778  07
454778  08
454782  00
454782  01
454782  02
454782  03
454782  04
454782  05
454782  06
454782  07
454782  08
454783  00
454783  01
454783  02
454783  03
454783  04
454783  05
454783  06
454783  07
454784  00
454784  01
454784  02
454784  03
454784  04
454784  05
454784  06
454784  07
454784  08
454785  00
454785  01
454785  02
454785  03
454785  04
454785  05
454785  06
454785  07
454785  08
454786  00
454786  01
454786  02
454786  03
454786  04
454786  05
454786  06
454786  08
454789  00
454789  01
454789  02
454789  03
454789  04
454789  05
454789  06
454789  07
454789  08
454794  00
454794  01
454794  02
454794  03
454794  04
454794  05
454794  06
454794  08
454797  00
454797  01
454797  02
454797  03
454797  04
454797  05
454797  06
454797  07
454797  08
454798  00
454798  01
454798  02
454798  03
454798  04
454798  05
454798  06
454798  07
454798  08
454799  00
454799  01
454799  02
454799  03
454799  04
454799  05
454799  06
454799  07
454799  08
454800  00
454800  01
454800  02
454800  03
454800  04
454800  05
454800  06
454800  07
454800  08
454802  00
454802  01
454802  02
454802  03
454802  04
454802  05
454802  06
454802  07
454802  08
454806  00
454806  01
454806  02
454806  03
454806  04
454806  05
454806  06
454808  00
454808  01
454808  02
454808  03
454808  04
454808  05
454808  06
454808  08
454809  00
454809  01
454809  02
454809  03
454809  04
454809  05
454809  06
454809  07
454809  08
454810  00
454810  01
454810  02
454810  03
454810  04
454810  05
454810  06
454810  07
454810  08
454811  00
454811  01
454811  02
454811  03
454811  04
454811  05
454811  06
454811  07
454811  08
454933  00
454933  01
454933  02
454933  03
454933  04
454933  05
454933  06
454933  07
454933  08
454934  00
454934  01
454934  02
454934  03
454934  04
454934  05
454934  06
454934  07
454934  08
454935  00
454935  01
454935  02
454935  03
454935  04
454935  05
454935  06
454935  07
454935  08
454936  00
454936  01
454936  02
454936  03
454936  04
454936  05
454936  06
454936  07
454936  08
454937  00
454937  01
454937  02
454937  03
454937  04
454937  05
454937  06
454937  07
454937  08
454943  01
454943  02
454943  03
454943  04
454943  05
454943  06
454943  07
454943  08
454944  00
454944  01
454944  02
454944  03
454944  04
454944  05
454944  06
454944  07
454944  08
454945  00
454945  01
454945  02
454945  03
454945  04
454945  05
454945  06
454945  07
454945  08
454946  00
454946  01
454946  02
454946  03
454946  04
454946  05
454946  06
454946  07
454946  08
454947  00
454947  01
454947  02
454947  03
454947  04
454947  05
454947  06
454947  07
454947  08
454948  00
454948  01
454948  02
454948  03
454948  04
454948  05
454948  06
454948  07
454948  08
